time,loaded,departed,arrived,in_network
0:00:00,455,455,0,455
0:00:06,977,977,0,977
0:00:12,1504,1504,3,1501
0:00:18,1980,1980,7,1973
0:00:24,2504,2504,8,2496
0:00:30,2994,2994,13,2981
0:00:36,3459,3459,25,3434
0:00:42,3921,3921,38,3883
0:00:48,4403,4403,67,4336
0:00:54,4879,4879,95,4784
0:01:00,5383,5383,130,5253
0:01:06,5867,5867,169,5698
0:01:12,6326,6326,208,6118
0:01:18,6789,6789,268,6521
0:01:24,7314,7314,346,6968
0:01:30,7777,7777,428,7349
0:01:36,8254,8254,502,7752
0:01:42,8743,8743,588,8155
0:01:48,9222,9222,658,8564
0:01:54,9683,9683,756,8927
0:02:00,10201,10201,867,9334
0:02:06,10714,10714,965,9749
0:02:12,11216,11216,1070,10146
0:02:18,11701,11701,1175,10526
0:02:24,12176,12176,1289,10887
0:02:30,12700,12700,1411,11289
0:02:36,13248,13248,1534,11714
0:02:42,13770,13770,1639,12131
0:02:48,14208,14208,1781,12427
0:02:54,14695,14695,1911,12784
0:03:00,15219,15219,2055,13164
0:03:06,15763,15763,2221,13542
0:03:12,16282,16282,2376,13906
0:03:18,16770,16770,2550,14220
0:03:24,17235,17235,2708,14527
0:03:30,17701,17701,2898,14803
0:03:36,18214,18214,3069,15145
0:03:42,18661,18661,3267,15394
0:03:48,19175,19175,3458,15717
0:03:54,19711,19711,3651,16060
0:04:00,20236,20236,3882,16354
0:04:06,20728,20728,4069,16659
0:04:12,21181,21181,4318,16863
0:04:18,21675,21675,4557,17118
0:04:24,22200,22200,4817,17383
0:04:30,22696,22696,5041,17655
0:04:36,23220,23220,5293,17927
0:04:42,23712,23712,5547,18165
0:04:48,24211,24211,5791,18420
0:04:54,24696,24696,6052,18644
0:05:00,25227,25227,6328,18899
0:05:06,25736,25736,6600,19136
0:05:12,26220,26220,6885,19335
0:05:18,26690,26690,7206,19484
0:05:24,27178,27178,7507,19671
0:05:30,27686,27686,7815,19871
0:05:36,28170,28170,8113,20057
0:05:42,28656,28656,8431,20225
0:05:48,29160,29160,8769,20391
0:05:54,29643,29643,9089,20554
0:06:00,30174,30174,9407,20767
0:06:06,30673,30673,9760,20913
0:06:12,31158,31158,10122,21036
0:06:18,31669,31669,10471,21198
0:06:24,32173,32173,10831,21342
0:06:30,32694,32694,11199,21495
0:06:36,33188,33188,11607,21581
0:06:42,33682,33682,11951,21731
0:06:48,34147,34147,12323,21824
0:06:54,34626,34626,12703,21923
0:07:00,35134,35134,13070,22064
0:07:06,35650,35650,13450,22200
0:07:12,36146,36146,13818,22328
0:07:18,36616,36616,14186,22430
0:07:24,37057,37057,14564,22493
0:07:30,37530,37530,14991,22539
0:07:36,38065,38065,15387,22678
0:07:42,38589,38589,15772,22817
0:07:48,39055,39055,16131,22924
0:07:54,39531,39531,16556,22975
0:08:00,40014,40014,16956,23058
0:08:06,40493,40493,17349,23144
0:08:12,40990,40990,17756,23234
0:08:18,41509,41509,18166,23343
0:08:24,42032,42032,18559,23473
0:08:30,42553,42553,18997,23556
0:08:36,43063,43063,19435,23628
0:08:42,43560,43560,19864,23696
0:08:48,44049,44049,20279,23770
0:08:54,44524,44524,20697,23827
0:09:00,45056,45056,21125,23931
0:09:06,45565,45565,21578,23987
0:09:12,46052,46052,22021,24031
0:09:18,46585,46585,22451,24134
0:09:24,47090,47090,22853,24237
0:09:30,47581,47581,23312,24269
0:09:36,48100,48100,23779,24321
0:09:42,48571,48571,24246,24325
0:09:48,49055,49055,24694,24361
0:09:54,49511,49511,25130,24381
0:10:00,50014,50014,25568,24446
0:10:06,50535,50535,26021,24514
0:10:12,51042,51042,26441,24601
0:10:18,51559,51559,26884,24675
0:10:24,52041,52041,27326,24715
0:10:30,52562,52562,27805,24757
0:10:36,53075,53075,28275,24800
0:10:42,53572,53572,28713,24859
0:10:48,54055,54055,29189,24866
0:10:54,54559,54559,29664,24895
0:11:00,54999,54999,30100,24899
0:11:06,55509,55509,30596,24913
0:11:12,55996,55996,31056,24940
0:11:18,56438,56438,31522,24916
0:11:24,56920,56920,31964,24956
0:11:30,57401,57401,32427,24974
0:11:36,57918,57918,32850,25068
0:11:42,58380,58380,33354,25026
0:11:48,58911,58911,33804,25107
0:11:54,59389,59389,34290,25099
0:12:00,59908,59908,34767,25141
0:12:06,60392,60392,35203,25189
0:12:12,60872,60872,35658,25214
0:12:18,61380,61380,36091,25289
0:12:24,61859,61859,36564,25295
0:12:30,62350,62350,37044,25306
0:12:36,62845,62845,37488,25357
0:12:42,63320,63320,37932,25388
0:12:48,63834,63834,38427,25407
0:12:54,64329,64329,38905,25424
0:13:00,64842,64842,39379,25463
0:13:06,65311,65311,39854,25457
0:13:12,65795,65795,40326,25469
0:13:18,66322,66322,40816,25506
0:13:24,66804,66804,41291,25513
0:13:30,67319,67319,41799,25520
0:13:36,67833,67833,42265,25568
0:13:42,68334,68334,42727,25607
0:13:48,68765,68765,43218,25547
0:13:54,69276,69276,43673,25603
0:14:00,69759,69759,44120,25639
0:14:06,70270,70270,44600,25670
0:14:12,70748,70748,45064,25684
0:14:18,71260,71260,45542,25718
0:14:24,71750,71750,46016,25734
0:14:30,72257,72257,46523,25734
0:14:36,72736,72736,47009,25727
0:14:42,73209,73209,47490,25719
0:14:48,73715,73715,47954,25761
0:14:54,74206,74205,48376,25829
0:15:00,74675,74674,48871,25803
0:15:06,75195,75195,49352,25843
0:15:12,75686,75686,49874,25812
0:15:18,76186,76186,50372,25814
0:15:24,76689,76689,50848,25841
0:15:30,77188,77188,51313,25875
0:15:36,77697,77697,51774,25923
0:15:42,78207,78207,52244,25963
0:15:48,78710,78710,52729,25981
0:15:54,79195,79195,53209,25986
0:16:00,79671,79671,53651,26020
0:16:06,80174,80174,54165,26009
0:16:12,80683,80683,54671,26012
0:16:18,81186,81186,55136,26050
0:16:24,81692,81692,55626,26066
0:16:30,82212,82212,56105,26107
0:16:36,82701,82701,56580,26121
0:16:42,83204,83204,57076,26128
0:16:48,83677,83677,57551,26126
0:16:54,84146,84146,58027,26119
0:17:00,84652,84652,58519,26133
0:17:06,85205,85205,59008,26197
0:17:12,85695,85695,59462,26233
0:17:18,86159,86159,59943,26216
0:17:24,86654,86654,60420,26234
0:17:30,87150,87150,60840,26310
0:17:36,87670,87670,61346,26324
0:17:42,88182,88182,61873,26309
0:17:48,88725,88725,62294,26431
0:17:54,89222,89222,62757,26465
0:18:00,89702,89702,63232,26470
0:18:06,90230,90230,63712,26518
0:18:12,90677,90677,64192,26485
0:18:18,91113,91113,64647,26466
0:18:24,91622,91622,65095,26527
0:18:30,92126,92126,65576,26550
0:18:36,92566,92566,66021,26545
0:18:42,93107,93107,66511,26596
0:18:48,93628,93628,67023,26605
0:18:54,94103,94103,67504,26599
0:19:00,94621,94621,67977,26644
0:19:06,95110,95110,68471,26639
0:19:12,95565,95565,68983,26582
0:19:18,96081,96081,69496,26585
0:19:24,96569,96569,69984,26585
0:19:30,97022,97022,70489,26533
0:19:36,97529,97529,70979,26550
0:19:42,98052,98052,71470,26582
0:19:48,98570,98570,71936,26634
0:19:54,99055,99055,72432,26623
0:20:00,99535,99535,72927,26608
0:20:06,100067,100067,73410,26657
0:20:12,100596,100596,73902,26694
0:20:18,101114,101114,74366,26748
0:20:24,101595,101595,74870,26725
0:20:30,102057,102057,75305,26752
0:20:36,102571,102571,75804,26767
0:20:42,103068,103068,76279,26789
0:20:48,103544,103544,76739,26805
0:20:54,104032,104032,77228,26804
0:21:00,104504,104504,77696,26808
0:21:06,105004,105004,78155,26849
0:21:12,105553,105553,78641,26912
0:21:18,106046,106046,79140,26906
0:21:24,106523,106523,79595,26928
0:21:30,107054,107054,80090,26964
0:21:36,107506,107506,80574,26932
0:21:42,107988,107988,81027,26961
0:21:48,108478,108478,81519,26959
0:21:54,108955,108955,82023,26932
0:22:00,109467,109467,82500,26967
0:22:06,110015,110015,83024,26991
0:22:12,110552,110552,83525,27027
0:22:18,111065,111065,84009,27056
0:22:24,111574,111574,84490,27084
0:22:30,112074,112074,84980,27094
0:22:36,112600,112600,85450,27150
0:22:42,113063,113063,85937,27126
0:22:48,113541,113541,86425,27116
0:22:54,114048,114048,86911,27137
0:23:00,114506,114506,87418,27088
0:23:06,115018,115018,87919,27099
0:23:12,115582,115582,88442,27140
0:23:18,116104,116104,88959,27145
0:23:24,116608,116608,89449,27159
0:23:30,117102,117102,89907,27195
0:23:36,117579,117579,90372,27207
0:23:42,118098,118098,90841,27257
0:23:48,118647,118647,91347,27300
0:23:54,119149,119149,91827,27322
0:24:00,119642,119642,92365,27277
0:24:06,120140,120140,92837,27303
0:24:12,120630,120630,93322,27308
0:24:18,121106,121106,93857,27249
0:24:24,121593,121593,94329,27264
0:24:30,122095,122095,94856,27239
0:24:36,122593,122593,95338,27255
0:24:42,123086,123086,95842,27244
0:24:48,123587,123587,96320,27267
0:24:54,124058,124058,96797,27261
0:25:00,124535,124535,97263,27272
0:25:06,125046,125046,97745,27301
0:25:12,125535,125535,98239,27296
0:25:18,126060,126060,98787,27273
0:25:24,126554,126554,99299,27255
0:25:30,127038,127038,99777,27261
0:25:36,127514,127514,100260,27254
0:25:42,127983,127983,100791,27192
0:25:48,128450,128450,101242,27208
0:25:54,128922,128922,101712,27210
0:26:00,129406,129406,102211,27195
0:26:06,129904,129904,102649,27255
0:26:12,130414,130414,103166,27248
0:26:18,130885,130885,103665,27220
0:26:24,131376,131376,104125,27251
0:26:30,131851,131851,104601,27250
0:26:36,132357,132357,105081,27276
0:26:42,132847,132847,105569,27278
0:26:48,133366,133366,106033,27333
0:26:54,133836,133836,106540,27296
0:27:00,134308,134308,107013,27295
0:27:06,134810,134810,107453,27357
0:27:12,135307,135307,107914,27393
0:27:18,135804,135804,108390,27414
0:27:24,136284,136284,108833,27451
0:27:30,136805,136805,109310,27495
0:27:36,137278,137278,109838,27440
0:27:42,137791,137791,110335,27456
0:27:48,138268,138268,110789,27479
0:27:54,138756,138756,111281,27475
0:28:00,139259,139259,111787,27472
0:28:06,139775,139775,112271,27504
0:28:12,140269,140269,112763,27506
0:28:18,140761,140761,113220,27541
0:28:24,141265,141265,113684,27581
0:28:30,141778,141778,114195,27583
0:28:36,142249,142249,114668,27581
0:28:42,142766,142766,115100,27666
0:28:48,143249,143249,115605,27644
0:28:54,143730,143730,116088,27642
0:29:00,144203,144203,116551,27652
0:29:06,144668,144668,117047,27621
0:29:12,145140,145140,117519,27621
0:29:18,145644,145644,117982,27662
0:29:24,146158,146158,118488,27670
0:29:30,146669,146669,118970,27699
0:29:36,147137,147137,119463,27674
0:29:42,147596,147596,119946,27650
0:29:48,148059,148059,120407,27652
0:29:54,148564,148564,120854,27710
0:30:00,149063,149063,121335,27728
0:30:06,149558,149558,121848,27710
0:30:12,150087,150087,122346,27741
0:30:18,150566,150566,122842,27724
0:30:24,151088,151088,123354,27734
0:30:30,151566,151566,123848,27718
0:30:36,152042,152042,124326,27716
0:30:42,152540,152540,124847,27693
0:30:48,153047,153047,125301,27746
0:30:54,153518,153518,125772,27746
0:31:00,154041,154041,126234,27807
0:31:06,154573,154573,126755,27818
0:31:12,155031,155031,127289,27742
0:31:18,155502,155502,127770,27732
0:31:24,155980,155980,128275,27705
0:31:30,156498,156498,128771,27727
0:31:36,157000,157000,129278,27722
0:31:42,157530,157530,129782,27748
0:31:48,158022,158022,130308,27714
0:31:54,158496,158496,130808,27688
0:32:00,158979,158979,131280,27699
0:32:06,159440,159440,131772,27668
0:32:12,159911,159911,132243,27668
0:32:18,160452,160452,132760,27692
0:32:24,160893,160893,133275,27618
0:32:30,161443,161443,133773,27670
0:32:36,161964,161964,134253,27711
0:32:42,162472,162472,134757,27715
0:32:48,162992,162992,135243,27749
0:32:54,163463,163463,135720,27743
0:33:00,163941,163941,136202,27739
0:33:06,164431,164431,136673,27758
0:33:12,164941,164941,137197,27744
0:33:18,165425,165425,137690,27735
0:33:24,165918,165918,138177,27741
0:33:30,166419,166419,138677,27742
0:33:36,166926,166926,139187,27739
0:33:42,167415,167415,139695,27720
0:33:48,167904,167904,140195,27709
0:33:54,168422,168422,140707,27715
0:34:00,168915,168915,141170,27745
0:34:06,169391,169391,141678,27713
0:34:12,169894,169894,142169,27725
0:34:18,170388,170388,142648,27740
0:34:24,170877,170877,143100,27777
0:34:30,171390,171390,143578,27812
0:34:36,171868,171868,144079,27789
0:34:42,172349,172349,144544,27805
0:34:48,172862,172862,145062,27800
0:34:54,173319,173319,145566,27753
0:35:00,173790,173790,146033,27757
0:35:06,174306,174306,146516,27790
0:35:12,174818,174818,147004,27814
0:35:18,175312,175312,147478,27834
0:35:24,175793,175793,147958,27835
0:35:30,176264,176264,148434,27830
0:35:36,176774,176774,148942,27832
0:35:42,177279,177279,149397,27882
0:35:48,177775,177775,149924,27851
0:35:54,178230,178230,150394,27836
0:36:00,178695,178695,150847,27848
0:36:06,179194,179194,151349,27845
0:36:12,179715,179715,151807,27908
0:36:18,180223,180223,152295,27928
0:36:24,180738,180738,152800,27938
0:36:30,181249,181249,153339,27910
0:36:36,181731,181731,153781,27950
0:36:42,182238,182238,154242,27996
0:36:48,182739,182739,154762,27977
0:36:54,183263,183263,155241,28022
0:37:00,183763,183763,155790,27973
0:37:06,184230,184230,156286,27944
0:37:12,184741,184741,156743,27998
0:37:18,185230,185230,157261,27969
0:37:24,185729,185729,157723,28006
0:37:30,186194,186194,158193,28001
0:37:36,186692,186692,158695,27997
0:37:42,187214,187214,159195,28019
0:37:48,187703,187703,159656,28047
0:37:54,188229,188229,160148,28081
0:38:00,188715,188715,160656,28059
0:38:06,189224,189224,161147,28077
0:38:12,189755,189755,161655,28100
0:38:18,190302,190302,162139,28163
0:38:24,190807,190807,162599,28208
0:38:30,191314,191314,163080,28234
0:38:36,191822,191822,163558,28264
0:38:42,192307,192307,164046,28261
0:38:48,192753,192753,164537,28216
0:38:54,193232,193232,165096,28136
0:39:00,193730,193730,165624,28106
0:39:06,194221,194221,166100,28121
0:39:12,194751,194751,166582,28169
0:39:18,195269,195269,167072,28197
0:39:24,195758,195758,167561,28197
0:39:30,196224,196224,168023,28201
0:39:36,196727,196727,168559,28168
0:39:42,197207,197207,169043,28164
0:39:48,197698,197698,169527,28171
0:39:54,198198,198198,170027,28171
0:40:00,198703,198703,170516,28187
0:40:06,199209,199209,170999,28210
0:40:12,199718,199718,171490,28228
0:40:18,200195,200195,171996,28199
0:40:24,200708,200708,172463,28245
0:40:30,201217,201217,172941,28276
0:40:36,201682,201682,173451,28231
0:40:42,202167,202167,173944,28223
0:40:48,202664,202664,174403,28261
0:40:54,203154,203154,174926,28228
0:41:00,203662,203662,175406,28256
0:41:06,204190,204190,175905,28285
0:41:12,204642,204642,176404,28238
0:41:18,205131,205131,176902,28229
0:41:24,205621,205621,177405,28216
0:41:30,206120,206120,177899,28221
0:41:36,206591,206591,178346,28245
0:41:42,207075,207075,178871,28204
0:41:48,207578,207578,179377,28201
0:41:54,208091,208091,179877,28214
0:42:00,208621,208621,180369,28252
0:42:06,209153,209153,180818,28335
0:42:12,209660,209660,181273,28387
0:42:18,210157,210157,181794,28363
0:42:24,210625,210625,182274,28351
0:42:30,211104,211104,182761,28343
0:42:36,211608,211608,183223,28385
0:42:42,212119,212119,183712,28407
0:42:48,212622,212622,184211,28411
0:42:54,213119,213119,184705,28414
0:43:00,213591,213591,185178,28413
0:43:06,214090,214090,185727,28363
0:43:12,214581,214581,186222,28359
0:43:18,215076,215076,186719,28357
0:43:24,215612,215612,187207,28405
0:43:30,216078,216078,187704,28374
0:43:36,216553,216553,188222,28331
0:43:42,217082,217082,188678,28404
0:43:48,217586,217586,189137,28449
0:43:54,218094,218094,189635,28459
0:44:00,218577,218577,190159,28418
0:44:06,219085,219085,190637,28448
0:44:12,219547,219547,191128,28419
0:44:18,220040,220040,191638,28402
0:44:24,220516,220516,192131,28385
0:44:30,221014,221014,192645,28369
0:44:36,221501,221501,193151,28350
0:44:42,222005,222005,193641,28364
0:44:48,222470,222470,194172,28298
0:44:54,222955,222955,194656,28299
0:45:00,223478,223478,195132,28346
0:45:06,223996,223996,195621,28375
0:45:12,224463,224463,196102,28361
0:45:18,224995,224995,196579,28416
0:45:24,225479,225479,197085,28394
0:45:30,225948,225948,197571,28377
0:45:36,226451,226451,198108,28343
0:45:42,226938,226938,198625,28313
0:45:48,227422,227422,199089,28333
0:45:54,227951,227951,199602,28349
0:46:00,228466,228466,200128,28338
0:46:06,228986,228986,200608,28378
0:46:12,229470,229470,201114,28356
0:46:18,229970,229970,201610,28360
0:46:24,230481,230481,202104,28377
0:46:30,230941,230941,202593,28348
0:46:36,231412,231412,203058,28354
0:46:42,231899,231899,203575,28324
0:46:48,232436,232436,204050,28386
0:46:54,232910,232910,204563,28347
0:47:00,233424,233424,205066,28358
0:47:06,233905,233905,205558,28347
0:47:12,234403,234403,206021,28382
0:47:18,234895,234895,206503,28392
0:47:24,235389,235389,207028,28361
0:47:30,235894,235894,207472,28422
0:47:36,236419,236419,207935,28484
0:47:42,236918,236918,208425,28493
0:47:48,237432,237432,208913,28519
0:47:54,237926,237926,209434,28492
0:48:00,238399,238399,209923,28476
0:48:06,238921,238921,210430,28491
0:48:12,239415,239415,210968,28447
0:48:18,239869,239869,211485,28384
0:48:24,240381,240381,212013,28368
0:48:30,240876,240876,212544,28332
0:48:36,241373,241373,213025,28348
0:48:42,241873,241873,213512,28361
0:48:48,242369,242369,213999,28370
0:48:54,242844,242844,214409,28435
0:49:00,243350,243350,214940,28410
0:49:06,243802,243802,215435,28367
0:49:12,244318,244318,215943,28375
0:49:18,244833,244833,216409,28424
0:49:24,245362,245362,216850,28512
0:49:30,245876,245876,217365,28511
0:49:36,246338,246338,217835,28503
0:49:42,246845,246845,218349,28496
0:49:48,247342,247342,218825,28517
0:49:54,247825,247825,219304,28521
0:50:00,248317,248317,219831,28486
0:50:06,248795,248795,220302,28493
0:50:12,249318,249318,220798,28520
0:50:18,249817,249817,221305,28512
0:50:24,250307,250307,221745,28562
0:50:30,250801,250801,222234,28567
0:50:36,251319,251319,222716,28603
0:50:42,251842,251842,223204,28638
0:50:48,252324,252324,223721,28603
0:50:54,252841,252841,224202,28639
0:51:00,253323,253323,224697,28626
0:51:06,253833,253833,225206,28627
0:51:12,254345,254345,225678,28667
0:51:18,254815,254815,226202,28613
0:51:24,255307,255307,226715,28592
0:51:30,255783,255783,227213,28570
0:51:36,256257,256257,227695,28562
0:51:42,256764,256764,228216,28548
0:51:48,257287,257287,228781,28506
0:51:54,257801,257801,229290,28511
0:52:00,258316,258316,229747,28569
0:52:06,258825,258825,230227,28598
0:52:12,259348,259348,230755,28593
0:52:18,259849,259849,231276,28573
0:52:24,260317,260317,231717,28600
0:52:30,260770,260770,232214,28556
0:52:36,261224,261224,232748,28476
0:52:42,261677,261677,233250,28427
0:52:48,262198,262198,233710,28488
0:52:54,262723,262723,234182,28541
0:53:00,263236,263236,234670,28566
0:53:06,263703,263703,235141,28562
0:53:12,264193,264193,235673,28520
0:53:18,264698,264698,236191,28507
0:53:24,265190,265190,236692,28498
0:53:30,265663,265663,237178,28485
0:53:36,266154,266154,237655,28499
0:53:42,266670,266670,238156,28514
0:53:48,267152,267152,238635,28517
0:53:54,267630,267630,239103,28527
0:54:00,268120,268120,239645,28475
0:54:06,268614,268614,240143,28471
0:54:12,269071,269071,240641,28430
0:54:18,269564,269564,241152,28412
0:54:24,270047,270047,241677,28370
0:54:30,270546,270546,242187,28359
0:54:36,271053,271053,242666,28387
0:54:42,271556,271556,243163,28393
0:54:48,272074,272074,243684,28390
0:54:54,272551,272551,244195,28356
0:55:00,273065,273065,244699,28366
0:55:06,273562,273562,245186,28376
0:55:12,274045,274045,245678,28367
0:55:18,274548,274548,246193,28355
0:55:24,275000,275000,246643,28357
0:55:30,275502,275502,247125,28377
0:55:36,275998,275998,247628,28370
0:55:42,276479,276479,248133,28346
0:55:48,277007,277007,248604,28403
0:55:54,277509,277509,249053,28456
0:56:00,278011,278011,249509,28502
0:56:06,278506,278506,249952,28554
0:56:12,278993,278993,250461,28532
0:56:18,279489,279489,250929,28560
0:56:24,280016,280016,251453,28563
0:56:30,280495,280495,251983,28512
0:56:36,280999,280999,252501,28498
0:56:42,281501,281501,252993,28508
0:56:48,281985,281985,253501,28484
0:56:54,282499,282499,254007,28492
0:57:00,282980,282980,254478,28502
0:57:06,283460,283460,254961,28499
0:57:12,283942,283942,255451,28491
0:57:18,284495,284495,255987,28508
0:57:24,284991,284991,256502,28489
0:57:30,285490,285490,257017,28473
0:57:36,286002,286002,257499,28503
0:57:42,286499,286499,257983,28516
0:57:48,287044,287044,258456,28588
0:57:54,287581,287581,258945,28636
0:58:00,288081,288081,259464,28617
0:58:06,288584,288584,259982,28602
0:58:12,289101,289101,260480,28621
0:58:18,289625,289625,260968,28657
0:58:24,290115,290115,261451,28664
0:58:30,290617,290617,261922,28695
0:58:36,291083,291083,262406,28677
0:58:42,291566,291566,262936,28630
0:58:48,292057,292057,263404,28653
0:58:54,292525,292525,263916,28609
0:59:00,293044,293044,264404,28640
0:59:06,293537,293537,264913,28624
0:59:12,294048,294048,265426,28622
0:59:18,294538,294538,265929,28609
0:59:24,294992,294992,266414,28578
0:59:30,295522,295522,266887,28635
0:59:36,296015,296015,267354,28661
0:59:42,296452,296452,267912,28540
0:59:48,296938,296938,268420,28518
0:59:54,297420,297420,268916,28504
1:00:00,297903,297903,269382,28521
1:00:06,298437,298437,269903,28534
1:00:12,298897,298897,270362,28535
1:00:18,299457,299457,270870,28587
1:00:24,299952,299952,271392,28560
1:00:30,300462,300462,271877,28585
1:00:36,300966,300966,272387,28579
1:00:42,301449,301449,272843,28606
1:00:48,301947,301947,273344,28603
1:00:54,302449,302449,273857,28592
1:01:00,302931,302931,274298,28633
1:01:06,303419,303419,274801,28618
1:01:12,303909,303909,275286,28623
1:01:18,304422,304422,275811,28611
1:01:24,304925,304925,276307,28618
1:01:30,305406,305406,276816,28590
1:01:36,305928,305928,277296,28632
1:01:42,306477,306477,277782,28695
1:01:48,306918,306918,278293,28625
1:01:54,307410,307410,278782,28628
1:02:00,307907,307907,279276,28631
1:02:06,308396,308396,279764,28632
1:02:12,308894,308894,280233,28661
1:02:18,309405,309405,280728,28677
1:02:24,309912,309912,281251,28661
1:02:30,310382,310382,281720,28662
1:02:36,310881,310881,282194,28687
1:02:42,311383,311383,282648,28735
1:02:48,311866,311866,283173,28693
1:02:54,312357,312357,283678,28679
1:03:00,312830,312830,284195,28635
1:03:06,313352,313352,284710,28642
1:03:12,313835,313835,285222,28613
1:03:18,314289,314289,285708,28581
1:03:24,314792,314792,286246,28546
1:03:30,315322,315322,286714,28608
1:03:36,315802,315802,287235,28567
1:03:42,316280,316280,287745,28535
1:03:48,316779,316779,288230,28549
1:03:54,317288,317288,288685,28603
1:04:00,317790,317790,289163,28627
1:04:06,318301,318301,289689,28612
1:04:12,318777,318777,290197,28580
1:04:18,319306,319306,290665,28641
1:04:24,319799,319799,291129,28670
1:04:30,320279,320279,291646,28633
1:04:36,320779,320779,292119,28660
1:04:42,321287,321287,292614,28673
1:04:48,321786,321786,293073,28713
1:04:54,322273,322273,293589,28684
1:05:00,322754,322754,294081,28673
1:05:06,323270,323270,294594,28676
1:05:12,323743,323743,295081,28662
1:05:18,324196,324196,295542,28654
1:05:24,324675,324675,296043,28632
1:05:30,325213,325213,296550,28663
1:05:36,325711,325711,297051,28660
1:05:42,326231,326231,297548,28683
1:05:48,326697,326697,298094,28603
1:05:54,327172,327172,298547,28625
1:06:00,327660,327660,299050,28610
1:06:06,328145,328145,299563,28582
1:06:12,328592,328592,300044,28548
1:06:18,329093,329093,300555,28538
1:06:24,329597,329597,301008,28589
1:06:30,330104,330104,301498,28606
1:06:36,330637,330637,301966,28671
1:06:42,331093,331093,302463,28630
1:06:48,331590,331590,302962,28628
1:06:54,332038,332038,303470,28568
1:07:00,332556,332556,303998,28558
1:07:06,333032,333032,304492,28540
1:07:12,333521,333521,304979,28542
1:07:18,334021,334021,305475,28546
1:07:24,334514,334514,305956,28558
1:07:30,335040,335040,306428,28612
1:07:36,335557,335557,306951,28606
1:07:42,336058,336058,307477,28581
1:07:48,336534,336534,307991,28543
1:07:54,337026,337026,308481,28545
1:08:00,337534,337534,308989,28545
1:08:06,337988,337988,309491,28497
1:08:12,338472,338472,309960,28512
1:08:18,338963,338963,310435,28528
1:08:24,339498,339498,310939,28559
1:08:30,340041,340041,311458,28583
1:08:36,340522,340522,311958,28564
1:08:42,341005,341005,312429,28576
1:08:48,341523,341523,312939,28584
1:08:54,342054,342054,313441,28613
1:09:00,342552,342552,313933,28619
1:09:06,343066,343066,314411,28655
1:09:12,343583,343583,314896,28687
1:09:18,344055,344055,315443,28612
1:09:24,344551,344551,315976,28575
1:09:30,345042,345042,316502,28540
1:09:36,345545,345545,316972,28573
1:09:42,346008,346008,317473,28535
1:09:48,346498,346498,317980,28518
1:09:54,347000,347000,318521,28479
1:10:00,347490,347490,319001,28489
1:10:06,348001,348001,319433,28568
1:10:12,348529,348529,319915,28614
1:10:18,349023,349023,320415,28608
1:10:24,349500,349500,320919,28581
1:10:30,349992,349992,321435,28557
1:10:36,350518,350518,321954,28564
1:10:42,351052,351052,322433,28619
1:10:48,351557,351557,322894,28663
1:10:54,352032,352032,323389,28643
1:11:00,352517,352517,323884,28633
1:11:06,353000,353000,324385,28615
1:11:12,353499,353499,324856,28643
1:11:18,353990,353990,325378,28612
1:11:24,354517,354517,325902,28615
1:11:30,354962,354962,326388,28574
1:11:36,355462,355462,326902,28560
1:11:42,355929,355929,327406,28523
1:11:48,356398,356398,327917,28481
1:11:54,356878,356878,328414,28464
1:12:00,357360,357360,328889,28471
1:12:06,357864,357864,329354,28510
1:12:12,358327,358327,329858,28469
1:12:18,358866,358866,330342,28524
1:12:24,359323,359323,330863,28460
1:12:30,359806,359806,331352,28454
1:12:36,360296,360296,331820,28476
1:12:42,360790,360790,332339,28451
1:12:48,361249,361249,332815,28434
1:12:54,361763,361763,333287,28476
1:13:00,362254,362254,333755,28499
1:13:06,362728,362728,334278,28450
1:13:12,363220,363220,334781,28439
1:13:18,363730,363730,335237,28493
1:13:24,364201,364201,335721,28480
1:13:30,364722,364722,336225,28497
1:13:36,365207,365207,336727,28480
1:13:42,365707,365707,337193,28514
1:13:48,366208,366208,337677,28531
1:13:54,366689,366689,338168,28521
1:14:00,367200,367200,338691,28509
1:14:06,367717,367717,339208,28509
1:14:12,368207,368207,339717,28490
1:14:18,368710,368710,340258,28452
1:14:24,369192,369192,340744,28448
1:14:30,369656,369656,341246,28410
1:14:36,370182,370182,341739,28443
1:14:42,370643,370643,342224,28419
1:14:48,371152,371152,342735,28417
1:14:54,371674,371674,343207,28467
1:15:00,372173,372173,343687,28486
1:15:06,372666,372666,344170,28496
1:15:12,373163,373163,344630,28533
1:15:18,373692,373692,345092,28600
1:15:24,374154,374154,345577,28577
1:15:30,374679,374679,346057,28622
1:15:36,375190,375190,346558,28632
1:15:42,375684,375684,347060,28624
1:15:48,376176,376176,347524,28652
1:15:54,376706,376706,348035,28671
1:16:00,377244,377244,348527,28717
1:16:06,377752,377752,349047,28705
1:16:12,378236,378236,349535,28701
1:16:18,378690,378690,350073,28617
1:16:24,379174,379174,350564,28610
1:16:30,379676,379676,351023,28653
1:16:36,380201,380201,351499,28702
1:16:42,380716,380716,352027,28689
1:16:48,381211,381211,352547,28664
1:16:54,381724,381724,353046,28678
1:17:00,382235,382235,353555,28680
1:17:06,382713,382713,354030,28683
1:17:12,383196,383196,354515,28681
1:17:18,383704,383704,355008,28696
1:17:24,384204,384204,355513,28691
1:17:30,384752,384752,356012,28740
1:17:36,385237,385237,356475,28762
1:17:42,385701,385701,357010,28691
1:17:48,386221,386221,357512,28709
1:17:54,386681,386681,358038,28643
1:18:00,387155,387155,358561,28594
1:18:06,387632,387632,359027,28605
1:18:12,388169,388169,359515,28654
1:18:18,388688,388688,360031,28657
1:18:24,389153,389153,360478,28675
1:18:30,389627,389627,360983,28644
1:18:36,390107,390107,361447,28660
1:18:42,390605,390605,361937,28668
1:18:48,391140,391140,362408,28732
1:18:54,391618,391618,362872,28746
1:19:00,392118,392118,363360,28758
1:19:06,392586,392586,363868,28718
1:19:12,393079,393079,364318,28761
1:19:18,393561,393561,364805,28756
1:19:24,394046,394046,365313,28733
1:19:30,394560,394560,365816,28744
1:19:36,395083,395083,366297,28786
1:19:42,395551,395551,366800,28751
1:19:48,396066,396066,367328,28738
1:19:54,396574,396574,367812,28762
1:20:00,397079,397079,368321,28758
1:20:06,397589,397589,368811,28778
1:20:12,398069,398069,369328,28741
1:20:18,398543,398543,369812,28731
1:20:24,399046,399046,370352,28694
1:20:30,399566,399566,370856,28710
1:20:36,400041,400041,371372,28669
1:20:42,400496,400496,371884,28612
1:20:48,401005,401005,372376,28629
1:20:54,401524,401524,372892,28632
1:21:00,402006,402006,373427,28579
1:21:06,402495,402495,373963,28532
1:21:12,403000,403000,374401,28599
1:21:18,403507,403507,374876,28631
1:21:24,404017,404017,375391,28626
1:21:30,404542,404542,375848,28694
1:21:36,405029,405029,376326,28703
1:21:42,405513,405513,376809,28704
1:21:48,405997,405997,377334,28663
1:21:54,406521,406521,377802,28719
1:22:00,407034,407034,378295,28739
1:22:06,407526,407526,378803,28723
1:22:12,408042,408042,379331,28711
1:22:18,408541,408541,379818,28723
1:22:24,409035,409035,380311,28724
1:22:30,409508,409508,380826,28682
1:22:36,409991,409991,381340,28651
1:22:42,410487,410487,381824,28663
1:22:48,410999,410999,382325,28674
1:22:54,411488,411488,382824,28664
1:23:00,411977,411977,383323,28654
1:23:06,412464,412464,383815,28649
1:23:12,412989,412989,384287,28702
1:23:18,413439,413439,384795,28644
1:23:24,413948,413948,385285,28663
1:23:30,414470,414470,385752,28718
1:23:36,414942,414942,386242,28700
1:23:42,415462,415462,386730,28732
1:23:48,415956,415956,387242,28714
1:23:54,416462,416462,387767,28695
1:24:00,416973,416973,388244,28729
1:24:06,417468,417468,388768,28700
1:24:12,417954,417954,389233,28721
1:24:18,418433,418433,389771,28662
1:24:24,418949,418949,390306,28643
1:24:30,419424,419424,390795,28629
1:24:36,419887,419887,391309,28578
1:24:42,420407,420407,391797,28610
1:24:48,420912,420912,392323,28589
1:24:54,421406,421406,392792,28614
1:25:00,421917,421917,393308,28609
1:25:06,422411,422411,393795,28616
1:25:12,422910,422910,394303,28607
1:25:18,423433,423433,394841,28592
1:25:24,423926,423926,395346,28580
1:25:30,424432,424432,395819,28613
1:25:36,424917,424917,396299,28618
1:25:42,425438,425438,396777,28661
1:25:48,425951,425951,397289,28662
1:25:54,426471,426471,397777,28694
1:26:00,426990,426990,398255,28735
1:26:06,427497,427497,398760,28737
1:26:12,427971,427971,399255,28716
1:26:18,428433,428433,399770,28663
1:26:24,428941,428941,400290,28651
1:26:30,429404,429404,400762,28642
1:26:36,429919,429919,401253,28666
1:26:42,430441,430441,401753,28688
1:26:48,430896,430896,402249,28647
1:26:54,431361,431361,402716,28645
1:27:00,431885,431885,403206,28679
1:27:06,432392,432392,403690,28702
1:27:12,432836,432836,404195,28641
1:27:18,433338,433338,404713,28625
1:27:24,433842,433842,405205,28637
1:27:30,434383,434383,405760,28623
1:27:36,434824,434824,406233,28591
1:27:42,435319,435319,406744,28575
1:27:48,435757,435757,407222,28535
1:27:54,436231,436231,407684,28547
1:28:00,436690,436690,408164,28526
1:28:06,437149,437149,408647,28502
1:28:12,437674,437674,409140,28534
1:28:18,438170,438170,409643,28527
1:28:24,438668,438668,410169,28499
1:28:30,439135,439135,410648,28487
1:28:36,439632,439632,411136,28496
1:28:42,440114,440114,411610,28504
1:28:48,440605,440605,412130,28475
1:28:54,441118,441118,412602,28516
1:29:00,441630,441630,413076,28554
1:29:06,442117,442117,413569,28548
1:29:12,442622,442622,414062,28560
1:29:18,443123,443123,414591,28532
1:29:24,443622,443622,415065,28557
1:29:30,444114,444114,415592,28522
1:29:36,444622,444622,416088,28534
1:29:42,445139,445139,416596,28543
1:29:48,445625,445625,417092,28533
1:29:54,446126,446126,417607,28519
1:30:00,446632,446632,418106,28526
1:30:06,447160,447160,418594,28566
1:30:12,447650,447650,419102,28548
1:30:18,448150,448150,419623,28527
1:30:24,448649,448649,420110,28539
1:30:30,449103,449103,420618,28485
1:30:36,449576,449576,421108,28468
1:30:42,450082,450082,421577,28505
1:30:48,450563,450563,422082,28481
1:30:54,451018,451018,422562,28456
1:31:00,451554,451554,423066,28488
1:31:06,452044,452044,423551,28493
1:31:12,452530,452530,424018,28512
1:31:18,453001,453001,424491,28510
1:31:24,453499,453499,425002,28497
1:31:30,453978,453978,425481,28497
1:31:36,454488,454488,425956,28532
1:31:42,454972,454972,426438,28534
1:31:48,455491,455491,426950,28541
1:31:54,455976,455976,427444,28532
1:32:00,456458,456458,427932,28526
1:32:06,456973,456973,428410,28563
1:32:12,457493,457493,428900,28593
1:32:18,458010,458010,429386,28624
1:32:24,458513,458513,429880,28633
1:32:30,458998,458998,430384,28614
1:32:36,459505,459505,430889,28616
1:32:42,460001,460001,431376,28625
1:32:48,460508,460508,431843,28665
1:32:54,461020,461020,432344,28676
1:33:00,461515,461515,432852,28663
1:33:06,461999,461999,433335,28664
1:33:12,462512,462512,433844,28668
1:33:18,463000,463000,434360,28640
1:33:24,463462,463462,434836,28626
1:33:30,463914,463914,435320,28594
1:33:36,464407,464407,435795,28612
1:33:42,464917,464917,436285,28632
1:33:48,465397,465397,436817,28580
1:33:54,465900,465900,437276,28624
1:34:00,466369,466369,437770,28599
1:34:06,466918,466918,438307,28611
1:34:12,467413,467413,438808,28605
1:34:18,467915,467915,439323,28592
1:34:24,468442,468442,439851,28591
1:34:30,468951,468951,440381,28570
1:34:36,469467,469467,440842,28625
1:34:42,469937,469937,441338,28599
1:34:48,470432,470432,441809,28623
1:34:54,470927,470927,442294,28633
1:35:00,471401,471401,442818,28583
1:35:06,471913,471913,443295,28618
1:35:12,472427,472427,443798,28629
1:35:18,472915,472915,444320,28595
1:35:24,473370,473370,444821,28549
1:35:30,473838,473838,445313,28525
1:35:36,474327,474327,445794,28533
1:35:42,474810,474810,446307,28503
1:35:48,475305,475305,446786,28519
1:35:54,475811,475811,447298,28513
1:36:00,476310,476310,447808,28502
1:36:06,476799,476799,448295,28504
1:36:12,477303,477303,448793,28510
1:36:18,477767,477767,449285,28482
1:36:24,478250,478250,449794,28456
1:36:30,478702,478702,450227,28475
1:36:36,479193,479193,450743,28450
1:36:42,479645,479645,451221,28424
1:36:48,480137,480137,451688,28449
1:36:54,480640,480640,452189,28451
1:37:00,481102,481102,452709,28393
1:37:06,481618,481618,453196,28422
1:37:12,482103,482103,453698,28405
1:37:18,482570,482570,454184,28386
1:37:24,483061,483061,454668,28393
1:37:30,483569,483569,455166,28403
1:37:36,484052,484052,455671,28381
1:37:42,484532,484532,456236,28296
1:37:48,484994,484994,456717,28277
1:37:54,485455,485455,457210,28245
1:38:00,485944,485944,457741,28203
1:38:06,486480,486480,458230,28250
1:38:12,487008,487008,458712,28296
1:38:18,487519,487519,459253,28266
1:38:24,488012,488012,459763,28249
1:38:30,488519,488519,460280,28239
1:38:36,489062,489062,460786,28276
1:38:42,489586,489586,461273,28313
1:38:48,490078,490078,461736,28342
1:38:54,490615,490615,462222,28393
1:39:00,491095,491095,462746,28349
1:39:06,491577,491577,463233,28344
1:39:12,492087,492087,463722,28365
1:39:18,492587,492587,464211,28376
1:39:24,493089,493089,464650,28439
1:39:30,493554,493554,465146,28408
1:39:36,494022,494022,465620,28402
1:39:42,494504,494504,466147,28357
1:39:48,494962,494962,466600,28362
1:39:54,495448,495448,467110,28338
1:40:00,495935,495935,467600,28335
1:40:06,496447,496447,468117,28330
1:40:12,496930,496930,468638,28292
1:40:18,497413,497413,469163,28250
1:40:24,497968,497968,469667,28301
1:40:30,498497,498497,470146,28351
1:40:36,498951,498951,470647,28304
1:40:42,499435,499435,471146,28289
1:40:48,499969,499969,471619,28350
1:40:54,500490,500490,472075,28415
1:41:00,501000,501000,472521,28479
1:41:06,501496,501496,473039,28457
1:41:12,501964,501964,473546,28418
1:41:18,502473,502473,474004,28469
1:41:24,502977,502977,474478,28499
1:41:30,503500,503500,474975,28525
1:41:36,503980,503980,475436,28544
1:41:42,504456,504456,475906,28550
1:41:48,504983,504983,476404,28579
1:41:54,505504,505504,476902,28602
1:42:00,505988,505988,477385,28603
1:42:06,506484,506484,477869,28615
1:42:12,506955,506955,478414,28541
1:42:18,507451,507451,478872,28579
1:42:24,507935,507935,479343,28592
1:42:30,508415,508415,479841,28574
1:42:36,508914,508914,480346,28568
1:42:42,509393,509393,480845,28548
1:42:48,509887,509887,481328,28559
1:42:54,510398,510398,481840,28558
1:43:00,510905,510905,482338,28567
1:43:06,511380,511380,482880,28500
1:43:12,511895,511895,483393,28502
1:43:18,512424,512424,483897,28527
1:43:24,512940,512940,484427,28513
1:43:30,513429,513429,484919,28510
1:43:36,513945,513945,485423,28522
1:43:42,514438,514438,485902,28536
1:43:48,514953,514953,486405,28548
1:43:54,515481,515481,486914,28567
1:44:00,515986,515986,487386,28600
1:44:06,516458,516458,487903,28555
1:44:12,516940,516940,488411,28529
1:44:18,517437,517437,488892,28545
1:44:24,517931,517931,489411,28520
1:44:30,518454,518454,489886,28568
1:44:36,518945,518945,490398,28547
1:44:42,519416,519416,490906,28510
1:44:48,519908,519908,491396,28512
1:44:54,520419,520419,491914,28505
1:45:00,520888,520888,492440,28448
1:45:06,521389,521389,492906,28483
1:45:12,521878,521878,493374,28504
1:45:18,522379,522379,493838,28541
1:45:24,522891,522891,494333,28558
1:45:30,523398,523398,494833,28565
1:45:36,523854,523854,495356,28498
1:45:42,524313,524313,495843,28470
1:45:48,524817,524817,496317,28500
1:45:54,525333,525333,496779,28554
1:46:00,525859,525859,497274,28585
1:46:06,526323,526323,497763,28560
1:46:12,526819,526819,498250,28569
1:46:18,527322,527322,498757,28565
1:46:24,527802,527802,499284,28518
1:46:30,528336,528336,499786,28550
1:46:36,528859,528859,500295,28564
1:46:42,529359,529359,500796,28563
1:46:48,529838,529838,501284,28554
1:46:54,530377,530377,501798,28579
1:47:00,530878,530878,502282,28596
1:47:06,531357,531357,502775,28582
1:47:12,531865,531865,503252,28613
1:47:18,532361,532361,503740,28621
1:47:24,532861,532861,504222,28639
1:47:30,533370,533370,504716,28654
1:47:36,533856,533856,505257,28599
1:47:42,534393,534393,505740,28653
1:47:48,534886,534886,506215,28671
1:47:54,535410,535410,506712,28698
1:48:00,535877,535877,507204,28673
1:48:06,536384,536384,507703,28681
1:48:12,536864,536864,508193,28671
1:48:18,537360,537360,508728,28632
1:48:24,537831,537831,509181,28650
1:48:30,538318,538318,509680,28638
1:48:36,538828,538828,510161,28667
1:48:42,539316,539316,510652,28664
1:48:48,539818,539818,511145,28673
1:48:54,540305,540305,511641,28664
1:49:00,540824,540824,512161,28663
1:49:06,541323,541323,512664,28659
1:49:12,541832,541832,513175,28657
1:49:18,542341,542341,513665,28676
1:49:24,542860,542860,514161,28699
1:49:30,543347,543347,514693,28654
1:49:36,543824,543824,515176,28648
1:49:42,544296,544296,515656,28640
1:49:48,544804,544804,516189,28615
1:49:54,545330,545330,516707,28623
1:50:00,545822,545822,517206,28616
1:50:06,546310,546310,517739,28571
1:50:12,546827,546827,518189,28638
1:50:18,547341,547341,518690,28651
1:50:24,547839,547839,519186,28653
1:50:30,548315,548315,519720,28595
1:50:36,548826,548826,520207,28619
1:50:42,549310,549310,520695,28615
1:50:48,549787,549787,521207,28580
1:50:54,550307,550307,521726,28581
1:51:00,550802,550802,522198,28604
1:51:06,551292,551292,522678,28614
1:51:12,551829,551829,523160,28669
1:51:18,552345,552345,523677,28668
1:51:24,552863,552863,524168,28695
1:51:30,553382,553382,524721,28661
1:51:36,553917,553917,525178,28739
1:51:42,554390,554390,525659,28731
1:51:48,554916,554916,526152,28764
1:51:54,555430,555430,526643,28787
1:52:00,555894,555894,527143,28751
1:52:06,556363,556363,527659,28704
1:52:12,556877,556877,528114,28763
1:52:18,557351,557351,528597,28754
1:52:24,557868,557868,529110,28758
1:52:30,558408,558408,529605,28803
1:52:36,558878,558878,530136,28742
1:52:42,559410,559410,530613,28797
1:52:48,559932,559932,531113,28819
1:52:54,560384,560384,531627,28757
1:53:00,560870,560870,532119,28751
1:53:06,561351,561351,532641,28710
1:53:12,561878,561878,533161,28717
1:53:18,562374,562374,533673,28701
1:53:24,562826,562826,534145,28681
1:53:30,563310,563310,534683,28627
1:53:36,563812,563812,535166,28646
1:53:42,564303,564303,535647,28656
1:53:48,564785,564785,536108,28677
1:53:54,565267,565267,536640,28627
1:54:00,565756,565756,537127,28629
1:54:06,566211,566211,537648,28563
1:54:12,566676,566676,538121,28555
1:54:18,567193,567193,538580,28613
1:54:24,567676,567676,539071,28605
1:54:30,568127,568127,539556,28571
1:54:36,568585,568585,540053,28532
1:54:42,569072,569072,540534,28538
1:54:48,569530,569530,541022,28508
1:54:54,570003,570003,541506,28497
1:55:00,570507,570507,542037,28470
1:55:06,571016,571016,542605,28411
1:55:12,571547,571547,543100,28447
1:55:18,572016,572016,543560,28456
1:55:24,572471,572471,544088,28383
1:55:30,572934,572934,544591,28343
1:55:36,573410,573410,545076,28334
1:55:42,573945,573945,545535,28410
1:55:48,574438,574438,546032,28406
1:55:54,574940,574940,546484,28456
1:56:00,575445,575445,547014,28431
1:56:06,575926,575926,547504,28422
1:56:12,576451,576451,547981,28470
1:56:18,576922,576922,548480,28442
1:56:24,577415,577415,548918,28497
1:56:30,577904,577904,549401,28503
1:56:36,578401,578401,549899,28502
1:56:42,578914,578914,550427,28487
1:56:48,579407,579407,550946,28461
1:56:54,579892,579892,551406,28486
1:57:00,580395,580395,551886,28509
1:57:06,580914,580914,552420,28494
1:57:12,581387,581387,552943,28444
1:57:18,581879,581879,553430,28449
1:57:24,582395,582395,553917,28478
1:57:30,582877,582877,554419,28458
1:57:36,583363,583363,554919,28444
1:57:42,583869,583869,555414,28455
1:57:48,584388,584388,555916,28472
1:57:54,584884,584884,556410,28474
1:58:00,585372,585372,556859,28513
1:58:06,585822,585822,557336,28486
1:58:12,586298,586298,557821,28477
1:58:18,586815,586815,558280,28535
1:58:24,587286,587286,558754,28532
1:58:30,587772,587772,559231,28541
1:58:36,588276,588276,559748,28528
1:58:42,588761,588761,560230,28531
1:58:48,589252,589252,560729,28523
1:58:54,589768,589768,561257,28511
1:59:00,590269,590269,561760,28509
1:59:06,590764,590764,562277,28487
1:59:12,591253,591253,562757,28496
1:59:18,591789,591789,563222,28567
1:59:24,592306,592306,563713,28593
1:59:30,592758,592758,564207,28551
1:59:36,593238,593238,564715,28523
1:59:42,593791,593791,565214,28577
1:59:48,594282,594282,565698,28584
1:59:54,594756,594756,566218,28538
2:00:00,594756,594756,566733,28023
2:00:06,594756,594756,567230,27526
2:00:12,594756,594756,567728,27028
2:00:18,594756,594756,568215,26541
2:00:24,594756,594756,568712,26044
2:00:30,594756,594756,569202,25554
2:00:36,594756,594756,569682,25074
2:00:42,594756,594756,570157,24599
2:00:48,594756,594756,570589,24167
2:00:54,594756,594756,571090,23666
2:01:00,594756,594756,571538,23218
2:01:06,594756,594756,571978,22778
2:01:12,594756,594756,572446,22310
2:01:18,594756,594756,572861,21895
2:01:24,594756,594756,573323,21433
2:01:30,594756,594756,573724,21032
2:01:36,594756,594756,574168,20588
2:01:42,594756,594756,574578,20178
2:01:48,594756,594756,575004,19752
2:01:54,594756,594756,575392,19364
2:02:00,594756,594756,575825,18931
2:02:06,594756,594756,576240,18516
2:02:12,594756,594756,576652,18104
2:02:18,594756,594756,577083,17673
2:02:24,594756,594756,577443,17313
2:02:30,594756,594756,577831,16925
2:02:36,594756,594756,578207,16549
2:02:42,594756,594756,578581,16175
2:02:48,594756,594756,578924,15832
2:02:54,594756,594756,579269,15487
2:03:00,594756,594756,579609,15147
2:03:06,594756,594756,579980,14776
2:03:12,594756,594756,580281,14475
2:03:18,594756,594756,580631,14125
2:03:24,594756,594756,580960,13796
2:03:30,594756,594756,581276,13480
2:03:36,594756,594756,581599,13157
2:03:42,594756,594756,581869,12887
2:03:48,594756,594756,582182,12574
2:03:54,594756,594756,582527,12229
2:04:00,594756,594756,582839,11917
2:04:06,594756,594756,583125,11631
2:04:12,594756,594756,583411,11345
2:04:18,594756,594756,583676,11080
2:04:24,594756,594756,583953,10803
2:04:30,594756,594756,584224,10532
2:04:36,594756,594756,584490,10266
2:04:42,594756,594756,584742,10014
2:04:48,594756,594756,584973,9783
2:04:54,594756,594756,585222,9534
2:05:00,594756,594756,585462,9294
2:05:06,594756,594756,585704,9052
2:05:12,594756,594756,585902,8854
2:05:18,594756,594756,586092,8664
2:05:24,594756,594756,586310,8446
2:05:30,594756,594756,586492,8264
2:05:36,594756,594756,586680,8076
2:05:42,594756,594756,586874,7882
2:05:48,594756,594756,587049,7707
2:05:54,594756,594756,587200,7556
2:06:00,594756,594756,587385,7371
2:06:06,594756,594756,587532,7224
2:06:12,594756,594756,587664,7092
2:06:18,594756,594756,587815,6941
2:06:24,594756,594756,587955,6801
2:06:30,594756,594756,588078,6678
2:06:36,594756,594756,588207,6549
2:06:42,594756,594756,588325,6431
2:06:48,594756,594756,588457,6299
2:06:54,594756,594756,588573,6183
2:07:00,594756,594756,588688,6068
2:07:06,594756,594756,588796,5960
2:07:12,594756,594756,588894,5862
2:07:18,594756,594756,588989,5767
2:07:24,594756,594756,589077,5679
2:07:30,594756,594756,589171,5585
2:07:36,594756,594756,589264,5492
2:07:42,594756,594756,589359,5397
2:07:48,594756,594756,589438,5318
2:07:54,594756,594756,589520,5236
2:08:00,594756,594756,589588,5168
2:08:06,594756,594756,589667,5089
2:08:12,594756,594756,589750,5006
2:08:18,594756,594756,589832,4924
2:08:24,594756,594756,589886,4870
2:08:30,594756,594756,589952,4804
2:08:36,594756,594756,590023,4733
2:08:42,594756,594756,590077,4679
2:08:48,594756,594756,590140,4616
2:08:54,594756,594756,590213,4543
2:09:00,594756,594756,590277,4479
2:09:06,594756,594756,590333,4423
2:09:12,594756,594756,590380,4376
2:09:18,594756,594756,590422,4334
2:09:24,594756,594756,590479,4277
2:09:30,594756,594756,590522,4234
2:09:36,594756,594756,590579,4177
2:09:42,594756,594756,590639,4117
2:09:48,594756,594756,590686,4070
2:09:54,594756,594756,590735,4021
2:10:00,594756,594756,590778,3978
2:10:06,594756,594756,590815,3941
2:10:12,594756,594756,590861,3895
2:10:18,594756,594756,590896,3860
2:10:24,594756,594756,590940,3816
2:10:30,594756,594756,590976,3780
2:10:36,594756,594756,591016,3740
2:10:42,594756,594756,591053,3703
2:10:48,594756,594756,591093,3663
2:10:54,594756,594756,591131,3625
2:11:00,594756,594756,591170,3586
2:11:06,594756,594756,591211,3545
2:11:12,594756,594756,591249,3507
2:11:18,594756,594756,591282,3474
2:11:24,594756,594756,591311,3445
2:11:30,594756,594756,591339,3417
2:11:36,594756,594756,591378,3378
2:11:42,594756,594756,591422,3334
2:11:48,594756,594756,591448,3308
2:11:54,594756,594756,591477,3279
2:12:00,594756,594756,591500,3256
2:12:06,594756,594756,591532,3224
2:12:12,594756,594756,591556,3200
2:12:18,594756,594756,591586,3170
2:12:24,594756,594756,591616,3140
2:12:30,594756,594756,591637,3119
2:12:36,594756,594756,591667,3089
2:12:42,594756,594756,591702,3054
2:12:48,594756,594756,591727,3029
2:12:54,594756,594756,591751,3005
2:13:00,594756,594756,591776,2980
2:13:06,594756,594756,591796,2960
2:13:12,594756,594756,591820,2936
2:13:18,594756,594756,591852,2904
2:13:24,594756,594756,591881,2875
2:13:30,594756,594756,591896,2860
2:13:36,594756,594756,591916,2840
2:13:42,594756,594756,591940,2816
2:13:48,594756,594756,591958,2798
2:13:54,594756,594756,591987,2769
2:14:00,594756,594756,592003,2753
2:14:06,594756,594756,592023,2733
2:14:12,594756,594756,592047,2709
2:14:18,594756,594756,592066,2690
2:14:24,594756,594756,592093,2663
2:14:30,594756,594756,592117,2639
2:14:36,594756,594756,592138,2618
2:14:42,594756,594756,592153,2603
2:14:48,594756,594756,592166,2590
2:14:54,594756,594756,592190,2566
2:15:00,594756,594756,592213,2543
2:15:06,594756,594756,592232,2524
2:15:12,594756,594756,592255,2501
2:15:18,594756,594756,592272,2484
2:15:24,594756,594756,592286,2470
2:15:30,594756,594756,592313,2443
2:15:36,594756,594756,592333,2423
2:15:42,594756,594756,592342,2414
2:15:48,594756,594756,592363,2393
2:15:54,594756,594756,592380,2376
2:16:00,594756,594756,592394,2362
2:16:06,594756,594756,592410,2346
2:16:12,594756,594756,592426,2330
2:16:18,594756,594756,592436,2320
2:16:24,594756,594756,592450,2306
2:16:30,594756,594756,592467,2289
2:16:36,594756,594756,592484,2272
2:16:42,594756,594756,592509,2247
2:16:48,594756,594756,592530,2226
2:16:54,594756,594756,592544,2212
2:17:00,594756,594756,592562,2194
2:17:06,594756,594756,592581,2175
2:17:12,594756,594756,592596,2160
2:17:18,594756,594756,592616,2140
2:17:24,594756,594756,592627,2129
2:17:30,594756,594756,592632,2124
2:17:36,594756,594756,592650,2106
2:17:42,594756,594756,592669,2087
2:17:48,594756,594756,592685,2071
2:17:54,594756,594756,592701,2055
2:18:00,594756,594756,592714,2042
2:18:06,594756,594756,592724,2032
2:18:12,594756,594756,592744,2012
2:18:18,594756,594756,592756,2000
2:18:24,594756,594756,592775,1981
2:18:30,594756,594756,592789,1967
2:18:36,594756,594756,592797,1959
2:18:42,594756,594756,592809,1947
2:18:48,594756,594756,592822,1934
2:18:54,594756,594756,592834,1922
2:19:00,594756,594756,592845,1911
2:19:06,594756,594756,592861,1895
2:19:12,594756,594756,592881,1875
2:19:18,594756,594756,592894,1862
2:19:24,594756,594756,592911,1845
2:19:30,594756,594756,592926,1830
2:19:36,594756,594756,592944,1812
2:19:42,594756,594756,592952,1804
2:19:48,594756,594756,592968,1788
2:19:54,594756,594756,592977,1779
2:20:00,594756,594756,592992,1764
2:20:06,594756,594756,593006,1750
2:20:12,594756,594756,593023,1733
2:20:18,594756,594756,593036,1720
2:20:24,594756,594756,593050,1706
2:20:30,594756,594756,593059,1697
2:20:36,594756,594756,593069,1687
2:20:42,594756,594756,593086,1670
2:20:48,594756,594756,593096,1660
2:20:54,594756,594756,593105,1651
2:21:00,594756,594756,593114,1642
2:21:06,594756,594756,593126,1630
2:21:12,594756,594756,593140,1616
2:21:18,594756,594756,593150,1606
2:21:24,594756,594756,593155,1601
2:21:30,594756,594756,593166,1590
2:21:36,594756,594756,593173,1583
2:21:42,594756,594756,593182,1574
2:21:48,594756,594756,593192,1564
2:21:54,594756,594756,593206,1550
2:22:00,594756,594756,593222,1534
2:22:06,594756,594756,593237,1519
2:22:12,594756,594756,593248,1508
2:22:18,594756,594756,593261,1495
2:22:24,594756,594756,593271,1485
2:22:30,594756,594756,593277,1479
2:22:36,594756,594756,593286,1470
2:22:42,594756,594756,593293,1463
2:22:48,594756,594756,593304,1452
2:22:54,594756,594756,593315,1441
2:23:00,594756,594756,593322,1434
2:23:06,594756,594756,593336,1420
2:23:12,594756,594756,593342,1414
2:23:18,594756,594756,593355,1401
2:23:24,594756,594756,593365,1391
2:23:30,594756,594756,593369,1387
2:23:36,594756,594756,593381,1375
2:23:42,594756,594756,593397,1359
2:23:48,594756,594756,593408,1348
2:23:54,594756,594756,593418,1338
2:24:00,594756,594756,593427,1329
2:24:06,594756,594756,593440,1316
2:24:12,594756,594756,593450,1306
2:24:18,594756,594756,593461,1295
2:24:24,594756,594756,593467,1289
2:24:30,594756,594756,593475,1281
2:24:36,594756,594756,593478,1278
2:24:42,594756,594756,593483,1273
2:24:48,594756,594756,593489,1267
2:24:54,594756,594756,593496,1260
2:25:00,594756,594756,593503,1253
2:25:06,594756,594756,593509,1247
2:25:12,594756,594756,593519,1237
2:25:18,594756,594756,593525,1231
2:25:24,594756,594756,593531,1225
2:25:30,594756,594756,593538,1218
2:25:36,594756,594756,593545,1211
2:25:42,594756,594756,593557,1199
2:25:48,594756,594756,593561,1195
2:25:54,594756,594756,593571,1185
2:26:00,594756,594756,593576,1180
2:26:06,594756,594756,593588,1168
2:26:12,594756,594756,593598,1158
2:26:18,594756,594756,593603,1153
2:26:24,594756,594756,593608,1148
2:26:30,594756,594756,593616,1140
2:26:36,594756,594756,593629,1127
2:26:42,594756,594756,593641,1115
2:26:48,594756,594756,593652,1104
2:26:54,594756,594756,593658,1098
2:27:00,594756,594756,593666,1090
2:27:06,594756,594756,593675,1081
2:27:12,594756,594756,593683,1073
2:27:18,594756,594756,593694,1062
2:27:24,594756,594756,593700,1056
2:27:30,594756,594756,593707,1049
2:27:36,594756,594756,593716,1040
2:27:42,594756,594756,593719,1037
2:27:48,594756,594756,593725,1031
2:27:54,594756,594756,593732,1024
2:28:00,594756,594756,593744,1012
2:28:06,594756,594756,593751,1005
2:28:12,594756,594756,593758,998
2:28:18,594756,594756,593765,991
2:28:24,594756,594756,593769,987
2:28:30,594756,594756,593774,982
2:28:36,594756,594756,593777,979
2:28:42,594756,594756,593784,972
2:28:48,594756,594756,593790,966
2:28:54,594756,594756,593799,957
2:29:00,594756,594756,593808,948
2:29:06,594756,594756,593813,943
2:29:12,594756,594756,593820,936
2:29:18,594756,594756,593828,928
2:29:24,594756,594756,593837,919
2:29:30,594756,594756,593843,913
2:29:36,594756,594756,593848,908
2:29:42,594756,594756,593854,902
2:29:48,594756,594756,593862,894
2:29:54,594756,594756,593876,880
2:30:00,594756,594756,593879,877
2:30:06,594756,594756,593889,867
2:30:12,594756,594756,593895,861
2:30:18,594756,594756,593902,854
2:30:24,594756,594756,593910,846
2:30:30,594756,594756,593912,844
2:30:36,594756,594756,593926,830
2:30:42,594756,594756,593930,826
2:30:48,594756,594756,593939,817
2:30:54,594756,594756,593945,811
2:31:00,594756,594756,593948,808
2:31:06,594756,594756,593951,805
2:31:12,594756,594756,593957,799
2:31:18,594756,594756,593962,794
2:31:24,594756,594756,593970,786
2:31:30,594756,594756,593975,781
2:31:36,594756,594756,593982,774
2:31:42,594756,594756,593987,769
2:31:48,594756,594756,593997,759
2:31:54,594756,594756,593999,757
2:32:00,594756,594756,594001,755
2:32:06,594756,594756,594005,751
2:32:12,594756,594756,594010,746
2:32:18,594756,594756,594013,743
2:32:24,594756,594756,594018,738
2:32:30,594756,594756,594025,731
2:32:36,594756,594756,594029,727
2:32:42,594756,594756,594039,717
2:32:48,594756,594756,594045,711
2:32:54,594756,594756,594049,707
2:33:00,594756,594756,594054,702
2:33:06,594756,594756,594056,700
2:33:12,594756,594756,594058,698
2:33:18,594756,594756,594060,696
2:33:24,594756,594756,594063,693
2:33:30,594756,594756,594065,691
2:33:36,594756,594756,594068,688
2:33:42,594756,594756,594074,682
2:33:48,594756,594756,594078,678
2:33:54,594756,594756,594084,672
2:34:00,594756,594756,594087,669
2:34:06,594756,594756,594091,665
2:34:12,594756,594756,594094,662
2:34:18,594756,594756,594097,659
2:34:24,594756,594756,594104,652
2:34:30,594756,594756,594113,643
2:34:36,594756,594756,594119,637
2:34:42,594756,594756,594122,634
2:34:48,594756,594756,594131,625
2:34:54,594756,594756,594132,624
2:35:00,594756,594756,594136,620
2:35:06,594756,594756,594140,616
2:35:12,594756,594756,594147,609
2:35:18,594756,594756,594151,605
2:35:24,594756,594756,594156,600
2:35:30,594756,594756,594162,594
2:35:36,594756,594756,594165,591
2:35:42,594756,594756,594171,585
2:35:48,594756,594756,594178,578
2:35:54,594756,594756,594183,573
2:36:00,594756,594756,594190,566
2:36:06,594756,594756,594194,562
2:36:12,594756,594756,594201,555
2:36:18,594756,594756,594204,552
2:36:24,594756,594756,594209,547
2:36:30,594756,594756,594212,544
2:36:36,594756,594756,594216,540
2:36:42,594756,594756,594221,535
2:36:48,594756,594756,594225,531
2:36:54,594756,594756,594232,524
2:37:00,594756,594756,594234,522
2:37:06,594756,594756,594238,518
2:37:12,594756,594756,594241,515
2:37:18,594756,594756,594245,511
2:37:24,594756,594756,594250,506
2:37:30,594756,594756,594252,504
2:37:36,594756,594756,594257,499
2:37:42,594756,594756,594259,497
2:37:48,594756,594756,594266,490
2:37:54,594756,594756,594269,487
2:38:00,594756,594756,594271,485
2:38:06,594756,594756,594276,480
2:38:12,594756,594756,594283,473
2:38:18,594756,594756,594287,469
2:38:24,594756,594756,594287,469
2:38:30,594756,594756,594290,466
2:38:36,594756,594756,594296,460
2:38:42,594756,594756,594298,458
2:38:48,594756,594756,594301,455
2:38:54,594756,594756,594308,448
2:39:00,594756,594756,594310,446
2:39:06,594756,594756,594313,443
2:39:12,594756,594756,594318,438
2:39:18,594756,594756,594319,437
2:39:24,594756,594756,594324,432
2:39:30,594756,594756,594326,430
2:39:36,594756,594756,594327,429
2:39:42,594756,594756,594328,428
2:39:48,594756,594756,594331,425
2:39:54,594756,594756,594339,417
2:40:00,594756,594756,594343,413
2:40:06,594756,594756,594347,409
2:40:12,594756,594756,594351,405
2:40:18,594756,594756,594354,402
2:40:24,594756,594756,594361,395
2:40:30,594756,594756,594366,390
2:40:36,594756,594756,594368,388
2:40:42,594756,594756,594370,386
2:40:48,594756,594756,594373,383
2:40:54,594756,594756,594377,379
2:41:00,594756,594756,594379,377
2:41:06,594756,594756,594384,372
2:41:12,594756,594756,594386,370
2:41:18,594756,594756,594392,364
2:41:24,594756,594756,594395,361
2:41:30,594756,594756,594397,359
2:41:36,594756,594756,594399,357
2:41:42,594756,594756,594401,355
2:41:48,594756,594756,594402,354
2:41:54,594756,594756,594404,352
2:42:00,594756,594756,594406,350
2:42:06,594756,594756,594407,349
2:42:12,594756,594756,594411,345
2:42:18,594756,594756,594413,343
2:42:24,594756,594756,594416,340
2:42:30,594756,594756,594418,338
2:42:36,594756,594756,594418,338
2:42:42,594756,594756,594420,336
2:42:48,594756,594756,594422,334
2:42:54,594756,594756,594423,333
2:43:00,594756,594756,594425,331
2:43:06,594756,594756,594426,330
2:43:12,594756,594756,594428,328
2:43:18,594756,594756,594430,326
2:43:24,594756,594756,594431,325
2:43:30,594756,594756,594434,322
2:43:36,594756,594756,594434,322
2:43:42,594756,594756,594434,322
2:43:48,594756,594756,594437,319
2:43:54,594756,594756,594439,317
2:44:00,594756,594756,594441,315
2:44:06,594756,594756,594442,314
2:44:12,594756,594756,594446,310
2:44:18,594756,594756,594449,307
2:44:24,594756,594756,594453,303
2:44:30,594756,594756,594456,300
2:44:36,594756,594756,594459,297
2:44:42,594756,594756,594460,296
2:44:48,594756,594756,594461,295
2:44:54,594756,594756,594466,290
2:45:00,594756,594756,594467,289
2:45:06,594756,594756,594468,288
2:45:12,594756,594756,594471,285
2:45:18,594756,594756,594472,284
2:45:24,594756,594756,594476,280
2:45:30,594756,594756,594478,278
2:45:36,594756,594756,594481,275
2:45:42,594756,594756,594481,275
2:45:48,594756,594756,594484,272
2:45:54,594756,594756,594484,272
2:46:00,594756,594756,594486,270
2:46:06,594756,594756,594486,270
2:46:12,594756,594756,594488,268
2:46:18,594756,594756,594496,260
2:46:24,594756,594756,594498,258
2:46:30,594756,594756,594501,255
2:46:36,594756,594756,594502,254
2:46:42,594756,594756,594504,252
2:46:48,594756,594756,594505,251
2:46:54,594756,594756,594505,251
2:47:00,594756,594756,594507,249
2:47:06,594756,594756,594507,249
2:47:12,594756,594756,594509,247
2:47:18,594756,594756,594511,245
2:47:24,594756,594756,594513,243
2:47:30,594756,594756,594519,237
2:47:36,594756,594756,594522,234
2:47:42,594756,594756,594523,233
2:47:48,594756,594756,594528,228
2:47:54,594756,594756,594529,227
2:48:00,594756,594756,594531,225
2:48:06,594756,594756,594532,224
2:48:12,594756,594756,594534,222
2:48:18,594756,594756,594537,219
2:48:24,594756,594756,594539,217
2:48:30,594756,594756,594543,213
2:48:36,594756,594756,594546,210
2:48:42,594756,594756,594547,209
2:48:48,594756,594756,594549,207
2:48:54,594756,594756,594551,205
2:49:00,594756,594756,594553,203
2:49:06,594756,594756,594555,201
2:49:12,594756,594756,594556,200
2:49:18,594756,594756,594559,197
2:49:24,594756,594756,594560,196
2:49:30,594756,594756,594562,194
2:49:36,594756,594756,594562,194
2:49:42,594756,594756,594565,191
2:49:48,594756,594756,594566,190
2:49:54,594756,594756,594568,188
2:50:00,594756,594756,594568,188
2:50:06,594756,594756,594570,186
2:50:12,594756,594756,594571,185
2:50:18,594756,594756,594576,180
2:50:24,594756,594756,594579,177
2:50:30,594756,594756,594580,176
2:50:36,594756,594756,594581,175
2:50:42,594756,594756,594582,174
2:50:48,594756,594756,594586,170
2:50:54,594756,594756,594589,167
2:51:00,594756,594756,594592,164
2:51:06,594756,594756,594592,164
2:51:12,594756,594756,594592,164
2:51:18,594756,594756,594594,162
2:51:24,594756,594756,594594,162
2:51:30,594756,594756,594595,161
2:51:36,594756,594756,594595,161
2:51:42,594756,594756,594597,159
2:51:48,594756,594756,594597,159
2:51:54,594756,594756,594600,156
2:52:00,594756,594756,594602,154
2:52:06,594756,594756,594605,151
2:52:12,594756,594756,594607,149
2:52:18,594756,594756,594607,149
2:52:24,594756,594756,594611,145
2:52:30,594756,594756,594612,144
2:52:36,594756,594756,594612,144
2:52:42,594756,594756,594615,141
2:52:48,594756,594756,594616,140
2:52:54,594756,594756,594616,140
2:53:00,594756,594756,594618,138
2:53:06,594756,594756,594618,138
2:53:12,594756,594756,594619,137
2:53:18,594756,594756,594620,136
2:53:24,594756,594756,594622,134
2:53:30,594756,594756,594624,132
2:53:36,594756,594756,594625,131
2:53:42,594756,594756,594626,130
2:53:48,594756,594756,594626,130
2:53:54,594756,594756,594627,129
2:54:00,594756,594756,594629,127
2:54:06,594756,594756,594631,125
2:54:12,594756,594756,594633,123
2:54:18,594756,594756,594636,120
2:54:24,594756,594756,594637,119
2:54:30,594756,594756,594638,118
2:54:36,594756,594756,594639,117
2:54:42,594756,594756,594639,117
2:54:48,594756,594756,594641,115
2:54:54,594756,594756,594644,112
2:55:00,594756,594756,594644,112
2:55:06,594756,594756,594645,111
2:55:12,594756,594756,594646,110
2:55:18,594756,594756,594647,109
2:55:24,594756,594756,594647,109
2:55:30,594756,594756,594649,107
2:55:36,594756,594756,594650,106
2:55:42,594756,594756,594651,105
2:55:48,594756,594756,594651,105
2:55:54,594756,594756,594652,104
2:56:00,594756,594756,594652,104
2:56:06,594756,594756,594653,103
2:56:12,594756,594756,594654,102
2:56:18,594756,594756,594655,101
2:56:24,594756,594756,594655,101
2:56:30,594756,594756,594657,99
2:56:36,594756,594756,594658,98
2:56:42,594756,594756,594659,97
2:56:48,594756,594756,594659,97
2:56:54,594756,594756,594660,96
2:57:00,594756,594756,594664,92
2:57:06,594756,594756,594664,92
2:57:12,594756,594756,594667,89
2:57:18,594756,594756,594668,88
2:57:24,594756,594756,594668,88
2:57:30,594756,594756,594668,88
2:57:36,594756,594756,594670,86
2:57:42,594756,594756,594670,86
2:57:48,594756,594756,594671,85
2:57:54,594756,594756,594671,85
2:58:00,594756,594756,594672,84
2:58:06,594756,594756,594673,83
2:58:12,594756,594756,594676,80
2:58:18,594756,594756,594676,80
2:58:24,594756,594756,594676,80
2:58:30,594756,594756,594677,79
2:58:36,594756,594756,594677,79
2:58:42,594756,594756,594679,77
2:58:48,594756,594756,594679,77
2:58:54,594756,594756,594679,77
2:59:00,594756,594756,594680,76
2:59:06,594756,594756,594680,76
2:59:12,594756,594756,594681,75
2:59:18,594756,594756,594681,75
2:59:24,594756,594756,594682,74
2:59:30,594756,594756,594682,74
2:59:36,594756,594756,594682,74
2:59:42,594756,594756,594682,74
2:59:48,594756,594756,594682,74
2:59:54,594756,594756,594683,73
3:00:00,594756,594756,594683,73
3:00:06,594756,594756,594683,73
3:00:12,594756,594756,594683,73
3:00:18,594756,594756,594683,73
3:00:24,594756,594756,594684,72
3:00:30,594756,594756,594684,72
3:00:36,594756,594756,594685,71
3:00:42,594756,594756,594686,70
3:00:48,594756,594756,594686,70
3:00:54,594756,594756,594687,69
3:01:00,594756,594756,594689,67
3:01:06,594756,594756,594690,66
3:01:12,594756,594756,594691,65
3:01:18,594756,594756,594692,64
3:01:24,594756,594756,594693,63
3:01:30,594756,594756,594694,62
3:01:36,594756,594756,594694,62
3:01:42,594756,594756,594694,62
3:01:48,594756,594756,594694,62
3:01:54,594756,594756,594695,61
3:02:00,594756,594756,594695,61
3:02:06,594756,594756,594695,61
3:02:12,594756,594756,594696,60
3:02:18,594756,594756,594696,60
3:02:24,594756,594756,594696,60
3:02:30,594756,594756,594697,59
3:02:36,594756,594756,594698,58
3:02:42,594756,594756,594698,58
3:02:48,594756,594756,594700,56
3:02:54,594756,594756,594702,54
3:03:00,594756,594756,594702,54
3:03:06,594756,594756,594702,54
3:03:12,594756,594756,594702,54
3:03:18,594756,594756,594702,54
3:03:24,594756,594756,594702,54
3:03:30,594756,594756,594702,54
3:03:36,594756,594756,594703,53
3:03:42,594756,594756,594703,53
3:03:48,594756,594756,594703,53
3:03:54,594756,594756,594704,52
3:04:00,594756,594756,594705,51
3:04:06,594756,594756,594705,51
3:04:12,594756,594756,594707,49
3:04:18,594756,594756,594708,48
3:04:24,594756,594756,594708,48
3:04:30,594756,594756,594708,48
3:04:36,594756,594756,594708,48
3:04:42,594756,594756,594709,47
3:04:48,594756,594756,594710,46
3:04:54,594756,594756,594712,44
3:05:00,594756,594756,594712,44
3:05:06,594756,594756,594713,43
3:05:12,594756,594756,594713,43
3:05:18,594756,594756,594714,42
3:05:24,594756,594756,594716,40
3:05:30,594756,594756,594716,40
3:05:36,594756,594756,594716,40
3:05:42,594756,594756,594717,39
3:05:48,594756,594756,594717,39
3:05:54,594756,594756,594717,39
3:06:00,594756,594756,594717,39
3:06:06,594756,594756,594717,39
3:06:12,594756,594756,594719,37
3:06:18,594756,594756,594719,37
3:06:24,594756,594756,594720,36
3:06:30,594756,594756,594720,36
3:06:36,594756,594756,594720,36
3:06:42,594756,594756,594720,36
3:06:48,594756,594756,594720,36
3:06:54,594756,594756,594720,36
3:07:00,594756,594756,594720,36
3:07:06,594756,594756,594722,34
3:07:12,594756,594756,594723,33
3:07:18,594756,594756,594724,32
3:07:24,594756,594756,594724,32
3:07:30,594756,594756,594725,31
3:07:36,594756,594756,594725,31
3:07:42,594756,594756,594725,31
3:07:48,594756,594756,594726,30
3:07:54,594756,594756,594727,29
3:08:00,594756,594756,594728,28
3:08:06,594756,594756,594728,28
3:08:12,594756,594756,594728,28
3:08:18,594756,594756,594729,27
3:08:24,594756,594756,594730,26
3:08:30,594756,594756,594730,26
3:08:36,594756,594756,594730,26
3:08:42,594756,594756,594730,26
3:08:48,594756,594756,594730,26
3:08:54,594756,594756,594731,25
3:09:00,594756,594756,594731,25
3:09:06,594756,594756,594733,23
3:09:12,594756,594756,594733,23
3:09:18,594756,594756,594734,22
3:09:24,594756,594756,594734,22
3:09:30,594756,594756,594734,22
3:09:36,594756,594756,594734,22
3:09:42,594756,594756,594734,22
3:09:48,594756,594756,594734,22
3:09:54,594756,594756,594734,22
3:10:00,594756,594756,594734,22
3:10:06,594756,594756,594734,22
3:10:12,594756,594756,594734,22
3:10:18,594756,594756,594734,22
3:10:24,594756,594756,594734,22
3:10:30,594756,594756,594734,22
3:10:36,594756,594756,594735,21
3:10:42,594756,594756,594735,21
3:10:48,594756,594756,594736,20
3:10:54,594756,594756,594736,20
3:11:00,594756,594756,594737,19
3:11:06,594756,594756,594737,19
3:11:12,594756,594756,594737,19
3:11:18,594756,594756,594737,19
3:11:24,594756,594756,594737,19
3:11:30,594756,594756,594737,19
3:11:36,594756,594756,594738,18
3:11:42,594756,594756,594739,17
3:11:48,594756,594756,594740,16
3:11:54,594756,594756,594740,16
3:12:00,594756,594756,594741,15
3:12:06,594756,594756,594741,15
3:12:12,594756,594756,594741,15
3:12:18,594756,594756,594741,15
3:12:24,594756,594756,594741,15
3:12:30,594756,594756,594741,15
3:12:36,594756,594756,594741,15
3:12:42,594756,594756,594741,15
3:12:48,594756,594756,594741,15
3:12:54,594756,594756,594741,15
3:13:00,594756,594756,594741,15
3:13:06,594756,594756,594741,15
3:13:12,594756,594756,594742,14
3:13:18,594756,594756,594743,13
3:13:24,594756,594756,594743,13
3:13:30,594756,594756,594743,13
3:13:36,594756,594756,594744,12
3:13:42,594756,594756,594744,12
3:13:48,594756,594756,594744,12
3:13:54,594756,594756,594744,12
3:14:00,594756,594756,594744,12
3:14:06,594756,594756,594744,12
3:14:12,594756,594756,594744,12
3:14:18,594756,594756,594744,12
3:14:24,594756,594756,594745,11
3:14:30,594756,594756,594745,11
3:14:36,594756,594756,594745,11
3:14:42,594756,594756,594745,11
3:14:48,594756,594756,594746,10
3:14:54,594756,594756,594746,10
3:15:00,594756,594756,594746,10
3:15:06,594756,594756,594746,10
3:15:12,594756,594756,594746,10
3:15:18,594756,594756,594746,10
3:15:24,594756,594756,594746,10
3:15:30,594756,594756,594746,10
3:15:36,594756,594756,594746,10
3:15:42,594756,594756,594746,10
3:15:48,594756,594756,594746,10
3:15:54,594756,594756,594746,10
3:16:00,594756,594756,594746,10
3:16:06,594756,594756,594746,10
3:16:12,594756,594756,594746,10
3:16:18,594756,594756,594746,10
3:16:24,594756,594756,594746,10
3:16:30,594756,594756,594747,9
3:16:36,594756,594756,594747,9
3:16:42,594756,594756,594747,9
3:16:48,594756,594756,594747,9
3:16:54,594756,594756,594747,9
3:17:00,594756,594756,594747,9
3:17:06,594756,594756,594747,9
3:17:12,594756,594756,594747,9
3:17:18,594756,594756,594747,9
3:17:24,594756,594756,594748,8
3:17:30,594756,594756,594748,8
3:17:36,594756,594756,594748,8
3:17:42,594756,594756,594748,8
3:17:48,594756,594756,594748,8
3:17:54,594756,594756,594748,8
3:18:00,594756,594756,594748,8
3:18:06,594756,594756,594748,8
3:18:12,594756,594756,594748,8
3:18:18,594756,594756,594748,8
3:18:24,594756,594756,594749,7
3:18:30,594756,594756,594749,7
3:18:36,594756,594756,594749,7
3:18:42,594756,594756,594750,6
3:18:48,594756,594756,594750,6
3:18:54,594756,594756,594750,6
3:19:00,594756,594756,594750,6
3:19:06,594756,594756,594750,6
3:19:12,594756,594756,594751,5
3:19:18,594756,594756,594751,5
3:19:24,594756,594756,594751,5
3:19:30,594756,594756,594751,5
3:19:36,594756,594756,594751,5
3:19:42,594756,594756,594751,5
3:19:48,594756,594756,594751,5
3:19:54,594756,594756,594751,5
3:20:00,594756,594756,594751,5
3:20:06,594756,594756,594751,5
3:20:12,594756,594756,594751,5
3:20:18,594756,594756,594751,5
3:20:24,594756,594756,594751,5
3:20:30,594756,594756,594751,5
3:20:36,594756,594756,594751,5
3:20:42,594756,594756,594751,5
3:20:48,594756,594756,594751,5
3:20:54,594756,594756,594751,5
3:21:00,594756,594756,594751,5
3:21:06,594756,594756,594751,5
3:21:12,594756,594756,594751,5
3:21:18,594756,594756,594751,5
3:21:24,594756,594756,594751,5
3:21:30,594756,594756,594751,5
3:21:36,594756,594756,594751,5
3:21:42,594756,594756,594751,5
3:21:48,594756,594756,594751,5
3:21:54,594756,594756,594751,5
3:22:00,594756,594756,594751,5
3:22:06,594756,594756,594751,5
3:22:12,594756,594756,594751,5
3:22:18,594756,594756,594751,5
3:22:24,594756,594756,594751,5
3:22:30,594756,594756,594751,5
3:22:36,594756,594756,594751,5
3:22:42,594756,594756,594751,5
3:22:48,594756,594756,594752,4
3:22:54,594756,594756,594752,4
3:23:00,594756,594756,594752,4
3:23:06,594756,594756,594752,4
3:23:12,594756,594756,594752,4
3:23:18,594756,594756,594752,4
3:23:24,594756,594756,594752,4
3:23:30,594756,594756,594752,4
3:23:36,594756,594756,594752,4
3:23:42,594756,594756,594752,4
3:23:48,594756,594756,594752,4
3:23:54,594756,594756,594752,4
3:24:00,594756,594756,594753,3
3:24:06,594756,594756,594753,3
3:24:12,594756,594756,594753,3
3:24:18,594756,594756,594753,3
3:24:24,594756,594756,594753,3
3:24:30,594756,594756,594753,3
3:24:36,594756,594756,594753,3
3:24:42,594756,594756,594753,3
3:24:48,594756,594756,594753,3
3:24:54,594756,594756,594753,3
3:25:00,594756,594756,594753,3
3:25:06,594756,594756,594753,3
3:25:12,594756,594756,594753,3
3:25:18,594756,594756,594753,3
3:25:24,594756,594756,594753,3
3:25:30,594756,594756,594754,2
3:25:36,594756,594756,594754,2
3:25:42,594756,594756,594754,2
3:25:48,594756,594756,594754,2
3:25:54,594756,594756,594755,1
3:26:00,594756,594756,594755,1
3:26:06,594756,594756,594755,1
3:26:12,594756,594756,594755,1
3:26:18,594756,594756,594755,1
3:26:24,594756,594756,594755,1
3:26:30,594756,594756,594755,1
3:26:36,594756,594756,594755,1
3:26:42,594756,594756,594755,1
3:26:48,594756,594756,594755,1
3:26:54,594756,594756,594755,1
3:27:00,594756,594756,594755,1
3:27:06,594756,594756,594755,1
3:27:12,594756,594756,594755,1
3:27:18,594756,594756,594755,1
3:27:24,594756,594756,594755,1
3:27:30,594756,594756,594755,1
3:27:36,594756,594756,594755,1
3:27:42,594756,594756,594756,0
